name: DataScience_Facture
channels:
  - conda-forge
  - defaults
dependencies:
  - asttokens=3.0.0=pyhd8ed1ab_1
  - blas=1.0=mkl
  - bottleneck=1.4.2=py313h2cb717b_0
  - bzip2=1.0.8=h2bbff1b_6
  - ca-certificates=2025.1.31=h56e8100_0
  - colorama=0.4.6=pyhd8ed1ab_1
  - comm=0.2.2=pyhd8ed1ab_1
  - cpython=3.13.2=py313hd8ed1ab_100
  - debugpy=1.8.12=py313h5813708_0
  - decorator=5.1.1=pyhd8ed1ab_1
  - exceptiongroup=1.2.2=pyhd8ed1ab_1
  - executing=2.1.0=pyhd8ed1ab_1
  - expat=2.6.4=h8ddb27b_0
  - importlib-metadata=8.6.1=pyha770c72_0
  - intel-openmp=2023.1.0=h59b6b97_46320
  - ipykernel=6.29.5=pyh4bbf305_0
  - ipython=8.32.0=pyh9ab4c32_0
  - jedi=0.19.2=pyhd8ed1ab_1
  - jupyter_client=8.6.3=pyhd8ed1ab_1
  - jupyter_core=5.7.2=pyh5737063_1
  - krb5=1.21.3=hdf4eb48_0
  - libffi=3.4.4=hd77b12b_1
  - libmpdec=4.0.0=h827c3e9_0
  - libsodium=1.0.20=hc70643c_0
  - matplotlib-inline=0.1.7=pyhd8ed1ab_1
  - mkl=2023.1.0=h6b88ed4_46358
  - mkl-service=2.4.0=py313h827c3e9_2
  - mkl_fft=1.3.11=py313h827c3e9_0
  - mkl_random=1.2.8=py313hce38976_0
  - nest-asyncio=1.6.0=pyhd8ed1ab_1
  - numexpr=2.10.1=py313h4cd664f_0
  - numpy=2.2.2=py313he6dc315_0
  - numpy-base=2.2.2=py313h6011491_0
  - openssl=3.4.1=ha4e3fda_0
  - packaging=24.2=pyhd8ed1ab_2
  - pandas=2.2.3=py313h5da7b33_0
  - parso=0.8.4=pyhd8ed1ab_1
  - pickleshare=0.7.5=pyhd8ed1ab_1004
  - pip=24.2=py313haa95532_0
  - platformdirs=4.3.6=pyhd8ed1ab_1
  - prompt-toolkit=3.0.50=pyha770c72_0
  - psutil=6.1.1=py313ha7868ed_0
  - pure_eval=0.2.3=pyhd8ed1ab_1
  - pygments=2.19.1=pyhd8ed1ab_0
  - python=3.13.2=hadb2040_100_cp313
  - python-dateutil=2.9.0post0=py313haa95532_2
  - python-tzdata=2023.3=pyhd3eb1b0_0
  - python_abi=3.13=0_cp313
  - pytz=2024.1=py313haa95532_0
  - pywin32=307=py313h5813708_3
  - pyzmq=26.2.1=py313h2100fd5_0
  - setuptools=72.1.0=py313haa95532_0
  - six=1.16.0=pyhd3eb1b0_1
  - sqlite=3.45.3=h2bbff1b_0
  - stack_data=0.6.3=pyhd8ed1ab_1
  - tbb=2021.8.0=h59b6b97_0
  - tk=8.6.14=h0416ee5_0
  - tornado=6.4.2=py313ha7868ed_0
  - traitlets=5.14.3=pyhd8ed1ab_1
  - typing_extensions=4.12.2=pyha770c72_1
  - tzdata=2025a=h04d1e81_0
  - ucrt=10.0.22621.0=h57928b3_1
  - vc=14.42=haa95532_4
  - vc14_runtime=14.42.34433=h6356254_24
  - vs2015_runtime=14.42.34433=hfef2bbc_24
  - wcwidth=0.2.13=pyhd8ed1ab_1
  - wheel=0.44.0=py313haa95532_0
  - xz=5.6.4=h4754444_1
  - zeromq=4.3.5=ha9f60a1_7
  - zipp=3.21.0=pyhd8ed1ab_1
  - zlib=1.2.13=h8cc25b3_1
  - pip:
      - annotated-types==0.7.0
      - anyio==4.8.0
      - certifi==2025.1.31
      - distro==1.9.0
      - greenlet==3.1.1
      - h11==0.14.0
      - httpcore==1.0.7
      - httpx==0.28.1
      - idna==3.10
      - jiter==0.8.2
      - openai==1.63.0
      - pydantic==2.10.6
      - pydantic-core==2.27.2
      - pymupdf==1.25.3
      - python-dotenv==1.0.1
      - sniffio==1.3.1
      - sqlalchemy==2.0.38
      - tqdm==4.67.1
prefix: \mnt\Desarrollos\Proyectos\DataScience_Facture
